25 100
1 1 1 1 1 1 1 1 1 1 1 1 1 1 1 1 1 1 1 1 1 1 1 1 1
82 30 38 68 18 58 0 21 77 35 25 33 61 89 97 13 51 66 90 20 88 10 52 48 79 19 93 42 60 11 16 47 8 29 92 34 55 84 72 49 27 74 17 22 5 63 75 99 67 43 40 91 98 26 3 39 50 94 53 44 70 85 46 81 45 41 4 65 9 83 31 14 7 15 54 71 80 56 1 23 59 73 37 64 78 28 86 95 76 36 2 57 96 32 69 24 87 12 6 62
55 61 31 74 82 34 10 7 64 22 26 28 56 46 1 70 44 94 71 88 54 17 19 23 81 75 68 45 50 40 98 21 20 69 60 4 87 76 24 18 3 0 30 85 52 8 25 62 97 92 78 80 9 63 79 48 15 51 2 37 16 93 47 67 84 32 42 58 57 33 49 6 29 66 95 83 13 11 65 41 5 27 14 12 73 36 99 43 96 89 86 35 53 77 91 59 90 39 72 38
36 44 62 43 31 9 32 22 81 86 73 56 67 96 45 39 40 77 35 5 95 78 65 84 16 80 71 28 49 94 72 64 58 13 29 37 48 20 26 41 42 85 68 7 33 82 92 11 97 76 17 79 74 99 98 0 55 61 3 2 8 19 89 4 1 30 75 52 47 91 87 54 60 46 88 70 51 15 63 50 18 57 66 10 14 27 6 83 90 69 38 21 34 25 23 24 93 53 12 59
32 28 43 77 20 60 69 72 71 61 42 58 51 59 11 49 48 65 18 79 12 90 89 6 57 13 80 78 22 38 74 82 93 68 88 31 21 45 85 63 55 50 66 34 62 36 70 26 97 10 64 24 1 86 84 9 95 29 14 73 39 41 44 83 99 8 23 52 91 92 37 81 7 17 53 94 35 67 75 30 15 0 19 54 56 2 16 3 46 76 27 4 96 33 5 40 25 47 98 87
79 83 66 7 60 91 43 1 71 53 56 36 64 78 51 65 88 55 4 57 14 39 94 35 10 44 82 80 38 13 68 9 5 77 42 47 58 30 20 25 34 97 90 98 84 27 8 89 87 61 18 31 95 2 59 99 17 22 6 45 26 63 29 54 69 12 16 32 50 70 72 23 24 41 93 48 3 67 81 21 62 11 40 85 46 33 28 73 19 49 86 52 96 75 76 15 37 0 92 74
43 78 20 71 40 57 86 59 34 10 56 23 85 90 49 58 11 72 14 62 77 81 99 0 53 9 87 66 29 18 61 37 36 83 24 31 74 7 12 28 22 47 75 35 38 92 69 70 94 25 6 82 88 80 84 51 93 52 91 68 98 89 39 64 45 60 21 46 95 8 65 50 54 2 79 63 42 44 97 30 5 3 41 67 48 4 27 76 17 13 33 1 16 73 96 32 26 19 15 55
82 86 20 64 71 42 76 51 88 37 45 97 95 96 92 80 4 9 14 16 59 72 19 24 3 31 17 75 13 7 36 90 61 28 21 87 53 85 56 23 1 40 94 54 77 89 70 99 12 27 62 18 47 8 22 35 29 93 32 60 38 55 0 41 57 91 81 78 49 69 68 15 65 48 11 10 26 84 58 2 63 30 25 39 34 79 83 74 33 46 52 50 44 6 73 98 67 43 66 5
81 56 85 15 48 43 64 49 23 80 67 72 26 94 38 28 89 45 46 30 84 32 91 33 96 62 34 55 95 87 22 68 92 29 98 20 57 82 24 86 25 13 1 75 53 63 35 3 5 50 59 19 65 4 58 61 17 36 8 0 88 97 71 11 44 12 27 74 52 47 10 41 66 90 7 14 78 93 9 39 76 2 18 40 16 77 99 37 73 69 6 70 31 51 42 54 79 83 21 60
82 78 28 0 25 74 30 3 42 46 20 9 1 37 99 11 56 12 19 29 51 48 80 13 6 67 93 36 27 90 97 57 41 85 2 33 53 95 69 83 50 15 43 92 75 26 58 44 54 4 63 72 32 77 96 35 84 7 14 81 87 47 98 73 22 18 45 70 5 66 86 61 49 88 21 91 23 79 55 8 94 40 76 52 34 38 10 60 17 31 71 89 24 62 68 59 64 16 65 39
27 82 18 72 86 38 40 5 8 50 59 99 79 34 71 43 31 68 56 0 89 37 76 85 22 91 73 92 47 45 2 66 39 33 95 26 96 78 93 17 48 61 20 80 13 1 9 32 11 69 60 24 75 25 23 83 58 77 16 51 94 46 12 42 63 44 21 6 88 19 30 52 97 49 81 10 4 62 67 74 15 70 65 57 54 53 29 98 90 87 28 55 3 64 84 7 35 14 41 36
83 27 29 49 88 92 40 47 48 85 28 69 44 36 98 12 41 45 39 84 50 21 73 55 20 76 68 75 32 4 57 33 90 67 18 38 65 34 46 80 43 9 77 19 66 54 81 79 2 56 74 51 23 15 97 13 96 22 89 61 26 62 42 31 64 99 60 63 30 93 91 1 71 6 95 82 87 24 86 16 72 8 17 10 7 70 25 5 11 59 35 0 14 58 52 78 37 53 3 94
44 83 80 87 24 82 14 79 30 37 76 4 32 61 93 88 52 42 7 20 8 2 41 55 72 71 9 46 54 96 74 51 25 95 69 12 73 11 15 97 64 81 62 99 16 66 0 84 59 63 89 35 10 31 56 78 67 28 48 23 70 75 34 29 86 40 45 26 6 1 85 5 60 49 27 3 47 22 21 94 91 92 57 33 98 18 65 58 36 13 53 43 50 38 17 39 68 90 19 77
75 48 24 58 65 13 66 97 63 94 10 39 7 27 41 18 2 30 9 71 36 11 4 32 79 76 56 34 33 26 91 55 78 85 87 81 38 50 59 5 0 43 67 73 37 42 70 12 46 90 3 83 92 89 17 95 69 40 31 6 29 99 62 77 82 54 8 1 25 64 44 45 57 68 47 72 19 22 80 96 28 86 74 61 21 53 14 84 93 35 49 23 20 15 88 51 16 60 98 52
6 76 31 41 53 44 99 24 33 8 96 56 7 75 26 73 54 45 93 30 52 86 36 3 87 40 66 43 88 83 51 98 97 19 65 32 18 38 50 55 27 20 92 13 0 64 48 46 69 95 62 25 2 11 84 42 9 35 34 16 39 94 47 91 10 15 17 61 89 29 28 67 14 60 4 57 23 71 68 63 81 59 74 79 70 1 12 82 80 21 58 78 37 90 77 5 22 85 49 72
52 80 3 93 72 9 34 21 69 36 88 85 56 84 32 11 81 79 42 27 38 35 33 90 68 75 14 53 94 51 74 55 7 0 86 78 97 77 49 50 92 20 73 57 12 83 26 30 64 16 31 24 43 5 2 99 61 41 4 71 37 58 54 40 59 6 18 19 15 44 46 62 10 87 13 98 63 45 39 25 60 91 17 1 8 67 48 76 65 96 66 22 89 29 82 47 28 95 70 23
33 62 50 36 10 32 12 46 96 70 82 26 52 0 2 72 1 9 8 22 18 16 35 51 21 17 37 93 24 25 88 84 74 55 28 68 65 98 67 59 91 43 40 6 45 58 83 75 81 99 13 29 23 90 80 57 53 61 66 97 20 15 76 79 4 89 44 73 78 38 49 85 92 34 5 95 77 7 19 54 31 42 47 3 27 87 56 64 41 69 71 14 48 63 60 30 86 94 39 11
82 21 59 49 26 72 29 23 22 83 67 71 4 98 77 14 66 63 2 25 43 68 79 30 81 28 46 51 69 35 20 27 5 62 45 17 40 52 84 92 55 48 11 19 95 13 86 99 7 47 58 65 37 16 89 8 93 97 91 80 61 54 88 60 53 78 6 3 57 74 33 15 18 41 76 38 32 90 96 64 42 75 0 85 73 87 50 36 56 39 10 44 24 70 12 31 34 94 9 1
90 70 78 94 33 88 67 52 51 62 64 34 24 4 39 13 8 41 12 11 98 91 76 40 92 2 19 37 16 82 66 49 56 20 73 3 97 42 15 95 36 22 57 77 86 44 72 53 10 79 83 80 30 28 65 48 74 50 7 63 93 54 81 87 45 59 0 27 55 84 14 38 25 46 1 47 5 31 75 96 6 71 99 29 9 60 58 23 21 89 32 18 69 61 85 26 68 17 43 35
13 51 30 95 6 59 19 27 48 47 64 63 7 29 42 84 72 86 60 90 16 5 54 94 46 68 80 21 1 32 4 43 82 88 18 31 97 87 75 99 76 55 44 20 61 28 58 77 2 12 39 73 50 10 98 24 66 11 67 53 70 69 62 89 22 23 41 57 34 71 25 56 40 83 52 79 26 74 92 8 37 91 49 85 15 14 3 96 81 78 35 9 38 36 93 0 17 65 45 33
36 25 88 79 30 34 6 37 59 75 48 89 21 55 47 62 56 49 77 83 86 0 3 40 45 69 84 2 57 42 44 90 73 38 76 32 23 29 92 78 87 4 58 68 31 61 67 81 5 85 97 41 39 15 65 27 46 50 91 43 71 22 26 9 8 60 20 72 33 28 7 99 1 13 14 94 12 11 74 53 63 52 18 96 98 82 17 51 54 24 80 93 35 19 16 64 70 95 10 66
23 11 2 50 77 83 7 72 44 97 27 45 39 13 80 32 81 63 35 85 55 73 69 31 30 68 93 0 65 96 5 62 56 9 42 86 18 4 16 36 88 46 49 82 47 61 54 60 53 99 74 58 25 89 14 76 1 51 67 98 91 59 79 66 29 38 24 43 40 78 8 17 26 10 52 34 57 75 22 41 95 48 12 6 84 3 92 21 94 37 71 87 33 28 20 19 64 70 15 90
60 14 80 66 93 81 15 76 65 94 30 27 6 38 29 11 25 7 98 39 36 16 2 13 24 83 77 92 19 5 90 85 43 63 88 84 20 32 42 31 18 12 9 10 91 64 78 86 69 87 48 28 23 52 21 54 53 68 97 34 62 61 17 41 1 35 73 99 0 50 57 71 37 51 3 33 56 47 22 74 45 26 59 4 46 79 8 44 96 75 82 49 89 95 40 72 70 55 67 58
12 63 70 73 2 4 92 45 56 13 38 41 40 11 14 20 87 91 27 28 76 23 48 98 72 75 46 85 71 3 55 26 61 8 81 88 84 52 93 30 51 9 94 7 21 57 54 22 99 53 77 44 66 69 47 62 79 43 39 31 64 80 82 25 89 97 32 0 86 15 83 42 18 29 78 50 90 49 19 17 74 36 34 5 1 10 67 6 59 60 58 16 96 95 68 24 35 37 33 65
22 47 77 91 24 37 85 45 4 19 92 94 65 96 98 2 61 15 7 60 41 99 1 58 6 25 20 64 87 33 59 38 16 10 23 5 35 95 27 79 43 71 31 89 30 40 53 54 48 75 97 51 66 82 72 13 12 84 86 49 44 52 67 68 0 39 63 81 74 56 3 83 80 57 62 93 70 76 36 90 18 9 11 21 29 26 69 14 78 17 88 34 46 73 50 28 8 42 55 32
39 38 65 46 48 57 67 64 42 25 7 31 96 22 95 34 37 82 54 75 49 70 21 76 93 1 23 66 15 92 74 72 73 16 45 24 87 69 78 43 79 98 2 50 61 26 55 30 17 10 53 20 77 68 56 52 83 85 12 88 99 5 44 9 47 29 59 18 36 62 14 84 3 60 86 33 0 58 32 40 19 80 91 94 35 51 90 27 41 28 13 81 71 8 89 11 63 6 97 4
8 13 23 20 9 19 22 6 18 11 7 4 2 15 14 1 3 0 17 24 21 5 12 10 16
8 20 19 0 24 21 14 6 13 18 15 12 2 16 23 1 3 11 9 7 17 4 5 22 10
10 22 23 7 12 6 16 19 5 3 24 17 21 8 18 1 14 0 9 11 15 4 2 13 20
2 20 24 12 7 0 9 18 1 13 5 15 17 21 8 23 4 6 14 19 10 11 3 16 22
9 6 18 8 3 14 19 20 10 12 15 0 4 1 7 21 2 22 16 5 11 23 24 13 17
6 7 5 9 15 4 13 20 22 17 1 14 24 19 8 3 18 16 10 11 21 12 2 0 23
22 13 21 6 2 9 15 3 1 16 17 0 14 5 8 20 19 18 10 24 7 23 12 4 11
12 22 11 19 20 8 10 2 15 21 18 4 1 13 16 6 17 14 3 23 7 0 24 5 9
10 11 2 21 20 24 14 23 13 8 22 15 9 7 3 16 18 1 5 6 4 12 19 17 0
2 18 10 24 19 8 11 0 22 14 16 15 1 23 9 21 6 7 17 20 13 4 5 3 12
7 19 20 13 17 21 6 2 24 4 16 0 10 8 18 22 1 14 11 9 15 12 23 3 5
24 15 22 8 11 9 19 23 18 7 16 20 13 17 5 4 6 2 10 3 1 0 21 14 12
8 19 18 20 7 21 16 4 2 15 13 22 6 23 17 9 24 14 10 0 11 1 5 3 12
10 7 15 11 2 13 21 20 5 8 19 17 23 16 24 1 18 22 12 9 14 4 0 3 6
17 20 18 7 1 23 13 11 19 4 21 16 24 3 12 5 9 15 6 0 22 14 2 10 8
6 3 22 10 0 23 2 15 24 9 4 16 20 13 18 14 12 7 21 11 1 5 19 17 8
18 16 3 21 14 2 19 15 17 23 10 11 0 9 5 4 22 6 24 12 20 1 13 8 7
24 13 19 5 1 23 4 16 8 2 7 15 17 0 9 14 20 3 6 10 22 18 12 11 21
11 1 22 10 0 14 17 13 24 23 20 16 5 7 12 2 4 15 18 8 21 9 3 19 6
22 21 16 3 12 23 5 15 10 2 11 17 13 4 18 6 9 0 19 24 8 7 14 20 1
3 17 23 24 19 11 10 22 1 18 14 12 20 9 2 15 16 6 21 5 8 13 4 0 7
23 10 22 19 7 5 3 8 12 15 1 2 6 18 14 4 13 21 16 20 11 9 0 24 17
8 11 10 20 12 2 9 7 5 3 18 1 0 13 23 6 24 15 21 14 17 4 22 19 16
13 23 16 1 10 12 4 3 6 14 0 7 11 9 22 8 20 21 15 19 24 17 18 5 2
19 18 3 8 15 23 7 22 12 11 2 16 14 9 17 4 24 10 13 20 21 6 5 0 1
6 0 14 20 3 15 7 21 22 4 19 12 24 13 1 23 10 11 5 2 8 17 16 9 18
21 1 4 9 17 24 14 7 11 16 22 2 5 3 20 8 6 18 23 0 15 13 19 10 12
18 7 4 23 2 5 24 14 1 15 10 6 22 12 11 20 16 21 19 9 0 3 13 17 8
18 1 10 7 14 23 22 13 17 21 4 3 20 15 2 8 12 6 24 9 11 0 16 19 5
23 16 24 22 9 17 18 5 21 8 2 15 1 12 7 13 3 0 10 4 20 14 6 11 19
1 19 6 22 23 15 12 0 10 14 11 4 9 2 18 17 13 5 16 7 3 20 8 24 21
24 23 2 3 19 15 1 6 14 8 7 4 18 11 12 9 10 21 17 5 22 16 0 13 20
12 10 19 16 18 0 8 13 20 14 11 23 4 2 1 6 9 15 17 21 24 7 3 5 22
12 1 19 10 5 23 0 17 4 18 16 14 7 13 20 15 2 24 11 3 22 9 6 21 8
6 21 24 3 0 8 19 5 10 11 9 7 14 20 15 13 2 16 17 18 23 12 22 1 4
21 14 9 23 24 12 22 0 3 6 20 7 13 17 5 16 10 8 4 11 2 18 15 1 19
2 23 5 14 8 20 1 4 11 6 24 3 7 13 21 10 9 19 18 15 0 22 12 16 17
2 12 21 1 6 20 13 10 14 16 23 18 9 4 7 19 22 0 3 5 17 15 8 24 11
2 19 14 11 6 22 13 9 1 5 12 10 16 17 7 4 8 15 18 3 21 24 20 23 0
20 17 16 8 23 13 14 24 19 15 9 3 6 21 12 4 0 11 5 2 18 22 1 10 7
15 23 11 8 6 21 10 7 2 1 16 19 13 17 20 12 18 0 9 3 14 5 22 4 24
11 7 24 6 0 23 13 2 14 19 9 4 16 5 8 1 10 15 22 12 3 20 17 18 21
4 10 17 7 21 8 1 22 24 15 3 9 19 20 5 14 13 16 2 23 18 12 0 11 6
3 20 6 2 15 13 16 1 17 18 14 11 24 10 8 7 22 21 12 4 9 23 0 5 19
0 16 18 12 22 3 13 21 5 9 17 4 6 20 1 19 24 10 14 23 15 11 2 8 7
18 21 16 10 7 17 11 3 9 19 13 23 22 4 12 20 0 24 8 6 15 1 2 14 5
10 22 16 2 3 21 19 7 14 12 0 20 13 11 1 18 6 8 9 23 5 15 17 24 4
20 21 16 7 24 5 1 23 18 13 8 9 0 19 17 2 3 10 22 14 15 12 4 11 6
7 11 12 16 8 5 18 3 19 22 10 1 17 21 13 2 23 14 0 15 20 9 24 4 6
5 24 15 18 8 12 10 11 1 6 9 21 22 20 13 7 23 3 4 14 0 2 19 17 16
1 2 5 18 0 15 3 22 8 11 14 9 20 17 13 7 23 19 16 4 6 21 10 24 12
4 2 18 20 22 3 8 21 17 1 13 0 23 14 5 16 24 19 7 15 10 9 6 11 12
2 7 22 14 23 4 9 3 0 11 1 6 20 12 17 5 24 15 13 8 18 10 16 19 21
2 11 6 3 17 12 0 21 9 23 13 5 7 1 16 10 4 8 15 18 22 19 14 20 24
23 8 1 20 24 16 21 3 18 15 22 19 2 7 4 10 6 0 9 12 11 13 5 17 14
14 24 13 21 6 23 18 1 9 19 3 20 0 15 10 12 11 17 2 8 7 16 5 22 4
6 20 11 1 10 4 21 24 22 13 5 19 9 12 7 0 15 18 14 16 8 3 2 17 23
15 17 10 13 5 16 9 24 23 6 11 18 21 7 4 19 22 12 14 1 3 20 2 0 8
7 18 2 12 9 1 0 19 10 21 14 24 5 16 11 20 3 6 8 13 15 22 23 4 17
6 18 9 10 1 15 4 17 8 20 21 22 24 14 5 13 16 11 3 7 12 2 23 19 0
11 24 1 8 21 14 2 20 17 22 7 6 4 0 19 12 3 18 23 5 9 10 15 16 13
8 9 6 18 21 3 16 5 0 24 2 7 13 10 4 22 11 17 23 12 19 20 15 1 14
10 7 3 21 2 4 13 0 8 22 11 9 5 20 15 6 23 24 14 18 19 12 17 1 16
2 9 24 14 3 11 7 8 21 16 4 5 12 19 18 17 0 13 10 20 6 22 15 23 1
14 21 13 22 11 9 23 20 6 24 2 8 18 10 19 16 5 12 15 1 3 0 7 4 17
7 20 2 10 15 5 1 17 21 12 3 4 0 13 24 11 14 19 8 22 6 23 18 9 16
13 16 9 6 7 23 5 1 22 10 17 12 11 3 19 21 4 2 20 0 18 24 15 14 8
7 22 9 20 23 0 3 4 24 14 19 17 2 16 15 1 8 13 6 5 10 21 12 11 18
0 15 13 20 2 5 24 12 18 14 21 9 17 1 7 19 8 16 11 4 3 6 10 22 23
5 6 0 10 15 12 13 2 7 16 24 22 19 8 1 23 9 21 3 4 11 18 14 20 17
14 13 7 11 1 0 16 5 24 3 2 17 10 19 8 21 9 18 12 6 20 15 4 23 22
19 22 11 20 1 21 4 15 17 13 7 14 12 24 18 0 23 9 2 8 3 10 5 16 6
12 23 1 24 9 10 4 5 22 2 11 0 17 21 19 15 20 16 7 14 6 18 3 13 8
19 21 23 0 1 7 4 22 17 16 8 9 12 18 10 3 5 2 15 13 14 11 6 20 24
24 15 17 11 4 2 5 8 1 10 3 23 18 22 12 14 21 20 6 16 7 13 19 9 0
11 7 6 5 0 15 22 18 21 8 13 9 14 3 24 2 4 12 16 23 17 19 10 20 1
3 8 22 5 9 20 0 1 14 13 23 21 17 2 10 4 18 19 15 7 24 16 6 12 11
19 7 11 22 12 9 18 17 14 4 1 24 8 21 16 3 6 5 23 10 2 15 0 20 13
0 1 5 24 13 11 21 8 20 17 10 6 16 2 15 3 18 4 23 12 19 14 22 7 9
22 9 8 19 7 5 4 0 14 18 16 3 17 12 24 20 21 6 10 2 23 11 13 15 1
23 11 16 21 19 1 7 6 8 3 15 17 10 14 4 12 24 20 2 18 13 0 5 22 9
2 23 14 19 17 16 20 13 9 6 4 24 7 8 5 15 0 11 22 10 1 3 21 12 18
9 10 2 21 14 12 18 16 5 8 4 17 20 0 1 23 22 15 6 24 7 3 11 19 13
22 3 1 23 9 8 19 2 20 16 21 11 24 7 6 17 14 0 13 12 10 4 5 15 18
9 15 2 12 16 19 23 5 0 18 4 1 22 13 11 14 8 10 24 3 6 7 20 21 17
24 2 0 12 22 5 17 15 9 21 8 11 13 6 10 3 23 4 7 19 18 1 20 16 14
1 10 13 16 23 3 15 8 6 14 2 7 0 11 5 9 24 4 19 21 22 12 17 18 20
0 11 19 15 13 17 1 18 24 20 23 5 12 7 3 22 9 2 16 6 8 21 14 10 4
12 4 11 19 0 20 2 23 13 14 22 3 7 1 5 17 21 8 24 6 10 16 18 15 9
8 16 19 24 6 22 10 17 23 21 18 1 14 15 4 5 20 0 7 3 12 9 13 11 2
8 3 7 2 6 18 0 22 14 23 1 16 21 13 20 15 19 11 9 12 4 5 10 24 17
17 13 14 2 12 24 5 1 7 22 19 8 16 9 23 4 11 3 20 10 6 15 0 18 21
16 7 24 9 15 3 11 18 23 13 21 6 10 20 2 1 22 12 4 19 8 0 5 17 14
16 12 23 7 1 6 8 13 24 15 0 21 17 9 20 19 5 18 14 4 10 11 22 2 3
21 17 14 9 4 5 18 15 22 12 16 2 0 19 13 8 20 24 6 23 7 11 3 10 1
12 5 10 14 7 18 24 6 9 3 16 0 22 17 23 8 19 13 4 2 20 11 15 1 21
6 16 10 18 19 12 0 21 5 14 11 24 4 9 2 17 13 1 7 23 15 20 3 22 8
24 19 12 0 4 14 10 23 8 6 5 15 1 11 17 2 18 7 13 20 22 21 3 16 9
9 16 19 6 4 18 20 7 17 1 14 5 13 21 11 10 23 2 12 8 0 24 22 15 3
3 13 1 12 7 10 5 18 21 24 22 19 4 23 9 2 17 16 15 6 8 0 11 20 14
