50 150
1 5 3 2 3 3 3 3 2 3 1 3 3 1 2 3 4 3 3 1 1 2 6 3 6 3 4 3 2 2 4 1 3 3 2 3 2 5 4 3 3 3 4 3 6 2 3 4 5 3
65 117 107 47 32 95 48 45 69 67 6 4 24 140 37 78 22 63 86 36 84 62 46 70 102 87 20 92 30 121 49 5 143 130 100 81 122 128 123 82 109 52 105 83 1 33 98 88 113 55 18 127 144 53 34 148 89 101 14 76 137 93 75 2 42 16 120 135 90 44 126 85 80 7 141 108 66 131 61 91 35 147 139 97 12 136 74 51 71 19 40 15 31 133 116 8 38 114 79 17 28 73 29 111 96 106 124 23 41 54 64 142 138 125 129 104 59 149 118 110 21 27 99 68 39 132 119 9 112 134 10 58 11 77 72 25 115 13 26 56 94 60 43 57 103 50 145 146 0 3
41 55 105 126 116 54 57 2 78 117 50 38 26 64 4 108 110 60 92 16 53 127 141 138 133 122 148 149 132 42 24 97 111 106 12 58 19 125 17 25 98 1 29 114 121 11 0 18 84 35 115 96 34 112 33 30 47 91 79 37 124 100 67 9 129 21 73 94 5 51 31 48 103 86 52 135 8 46 62 13 6 131 136 74 104 28 146 36 68 72 22 80 56 120 66 81 137 119 144 39 113 27 143 71 10 134 128 63 123 59 49 95 7 32 76 61 89 44 3 147 88 118 107 15 69 83 77 109 90 93 140 85 139 87 101 145 75 99 23 82 14 65 142 70 102 45 40 130 43 20
53 107 136 124 10 147 120 59 83 38 94 32 6 69 110 96 89 133 74 142 16 111 0 109 4 86 48 95 103 99 33 88 18 30 119 90 54 40 50 64 63 118 37 20 85 24 148 68 46 108 117 17 106 21 71 144 76 97 102 44 115 146 52 80 43 138 31 84 72 47 101 9 143 91 49 79 132 100 27 3 92 93 98 122 11 140 15 141 60 5 77 130 123 58 25 114 128 139 78 104 67 42 137 81 121 131 29 7 28 112 135 26 126 34 1 61 35 14 65 149 55 127 56 87 41 145 36 134 125 113 19 13 105 2 116 23 73 51 129 12 39 70 8 45 62 22 75 82 66 57
72 110 139 10 133 119 104 59 71 80 14 54 36 48 41 141 52 147 135 69 51 125 5 100 140 49 102 89 30 28 124 99 66 15 117 101 43 98 60 9 35 25 39 86 115 113 134 7 85 96 111 18 24 46 42 108 45 38 44 107 31 116 27 94 128 33 55 88 4 37 143 3 87 74 12 17 73 84 137 144 78 91 32 112 123 75 149 81 92 148 20 142 22 145 68 131 61 109 65 47 13 53 29 70 126 58 129 97 106 93 105 127 6 40 21 34 2 122 50 120 90 63 62 82 8 130 67 77 138 16 26 19 57 23 136 83 114 76 79 118 56 132 1 95 11 64 103 121 146 0
52 27 136 81 79 131 114 124 39 92 105 63 41 117 56 144 137 74 37 10 22 4 140 95 93 139 30 127 112 14 96 68 36 49 66 109 135 69 142 5 86 64 32 116 149 85 118 62 133 9 80 2 7 59 122 111 3 42 0 82 134 25 98 53 108 78 125 12 106 73 77 29 97 16 115 76 24 121 147 19 141 70 145 84 90 47 57 26 103 91 38 119 13 100 110 50 107 71 35 33 99 28 148 146 40 44 87 61 45 11 75 130 104 128 101 43 88 94 1 51 15 126 17 132 54 58 31 102 89 21 123 55 20 18 72 6 46 48 129 143 8 34 60 113 65 23 67 120 138 83
71 73 54 8 33 102 61 4 149 84 22 53 142 68 28 101 76 148 11 69 79 114 43 44 10 46 139 77 5 99 64 1 141 86 66 49 41 123 74 30 110 29 144 131 60 14 47 106 108 143 25 48 126 103 98 113 62 95 63 122 0 58 136 93 118 56 21 17 38 37 135 6 97 92 72 2 132 50 115 80 35 27 81 134 91 55 104 105 34 124 137 100 39 147 3 19 138 65 82 32 18 120 24 140 15 128 133 70 31 129 83 130 111 88 121 116 23 85 112 9 145 94 87 117 40 109 90 75 146 51 12 7 13 45 42 52 36 67 26 96 127 20 125 119 89 78 107 59 57 16
51 128 69 16 14 57 83 33 34 43 130 40 101 10 48 85 125 121 0 77 67 110 31 95 96 91 44 55 126 146 88 71 72 63 113 39 17 38 45 50 103 11 135 36 104 112 1 134 102 15 76 65 117 132 80 66 122 61 149 29 6 120 137 26 97 109 62 27 52 114 3 82 136 21 78 147 68 100 107 148 73 143 108 42 22 115 20 60 37 116 87 81 54 47 144 129 75 99 111 141 2 5 70 53 25 123 64 32 89 8 138 12 98 7 93 133 90 106 28 59 19 84 140 86 56 30 49 58 124 24 9 74 139 79 35 4 23 13 18 118 131 94 41 92 46 119 127 145 142 105
123 113 131 36 137 20 55 142 3 63 1 50 21 13 46 129 47 94 116 48 124 125 12 138 82 73 15 120 29 42 11 65 93 118 87 139 76 147 88 64 26 18 81 53 6 51 54 24 49 66 136 75 52 59 23 111 43 38 105 84 143 98 9 79 85 117 86 149 128 89 25 140 115 56 40 112 104 5 61 14 62 77 106 71 74 108 141 96 145 95 135 78 8 27 31 60 33 44 83 16 127 107 28 57 133 97 101 30 132 90 10 69 102 35 122 68 110 146 148 144 4 7 41 109 37 114 0 39 17 67 134 119 19 130 92 45 121 70 22 34 126 100 32 2 58 72 91 80 103 99
36 32 143 49 87 61 54 71 136 15 122 80 27 7 56 84 11 144 37 133 14 146 147 24 51 98 13 131 104 31 128 57 83 46 82 9 74 79 91 130 21 96 119 34 50 123 107 102 69 70 85 95 114 73 141 105 92 35 117 65 109 30 25 68 64 127 44 99 88 112 126 108 86 12 4 78 45 6 118 137 67 76 72 140 26 62 139 5 19 113 17 3 47 39 16 106 111 41 129 77 148 100 97 59 0 135 142 55 53 43 101 89 75 23 93 63 94 22 121 48 8 60 124 149 116 90 120 18 125 33 20 145 103 29 134 115 66 38 110 28 58 2 42 138 40 1 10 81 132 52
56 147 111 27 17 108 87 80 139 126 43 106 59 41 15 52 144 107 135 140 51 47 64 105 93 84 66 120 49 33 54 141 146 73 76 28 113 70 3 123 102 72 19 69 86 121 74 101 122 8 21 23 75 50 138 1 0 133 91 115 12 57 128 82 85 26 2 13 44 110 36 11 117 30 9 60 134 22 114 137 95 142 6 143 132 63 20 62 112 103 48 7 94 46 45 136 32 90 99 96 67 131 109 92 116 71 119 14 55 149 81 125 104 25 18 34 118 130 39 127 16 31 88 24 53 37 145 124 38 68 61 83 78 5 148 129 35 29 79 42 77 10 58 89 100 98 97 4 65 40
136 37 104 58 116 23 119 44 0 60 118 146 49 5 85 51 90 110 56 67 127 26 9 95 19 50 6 103 135 89 143 133 117 30 62 27 75 11 142 38 126 13 149 129 22 81 123 59 20 122 98 77 41 138 43 25 74 54 113 33 130 1 140 121 83 8 115 46 31 68 131 108 3 45 36 18 91 144 94 137 35 47 57 99 92 78 106 84 24 65 29 15 63 134 109 76 32 55 141 42 28 102 105 88 148 70 2 97 96 61 73 4 128 12 40 52 21 16 71 87 82 147 48 107 10 86 111 34 132 93 125 7 101 145 53 100 124 72 39 79 114 17 80 66 139 69 14 120 112 64
68 147 113 62 140 73 78 69 110 21 33 48 55 129 126 10 17 24 54 27 96 45 106 64 123 12 39 122 105 49 98 127 51 149 8 75 11 137 125 72 13 131 6 40 15 36 46 59 43 79 133 4 18 5 7 132 38 19 61 76 44 134 138 111 142 99 29 107 89 112 101 23 91 31 81 9 114 104 115 60 20 74 26 148 119 22 70 3 47 103 52 97 118 95 2 146 80 53 32 67 88 41 34 14 65 16 120 50 109 56 141 77 102 128 93 85 121 66 86 37 0 30 139 145 42 63 35 135 57 58 92 136 116 124 117 90 130 84 82 143 94 83 28 87 25 71 1 144 100 108
113 16 73 14 9 24 7 85 23 35 143 101 148 107 128 140 71 69 116 100 15 98 0 2 64 44 141 81 115 123 62 95 37 80 147 42 117 38 122 89 43 5 1 108 83 41 51 53 144 36 131 28 134 22 59 33 26 10 133 97 30 138 86 68 135 49 58 20 76 102 18 93 17 6 149 126 130 4 84 106 55 119 72 3 56 78 110 96 63 120 32 60 129 11 145 21 88 132 77 104 39 13 75 27 111 139 57 142 46 52 70 25 45 8 31 54 137 99 92 29 118 146 105 50 91 61 112 34 121 82 90 67 103 136 12 48 19 47 114 40 87 124 74 94 127 125 65 109 79 66
86 95 59 46 20 4 107 62 24 55 139 28 42 136 32 115 58 128 21 12 39 118 63 96 104 22 132 82 131 66 87 64 134 43 30 70 3 54 85 53 100 23 92 106 15 129 80 76 99 40 41 144 124 44 81 56 71 61 65 110 117 51 37 77 27 140 7 123 126 116 108 113 17 130 89 137 13 112 141 34 49 90 19 47 135 50 5 26 57 88 11 122 6 60 94 75 142 83 25 120 68 98 121 147 14 16 148 91 0 36 138 105 52 38 78 2 127 143 45 114 103 9 119 125 18 69 84 101 33 79 74 31 133 149 10 8 97 72 93 145 48 73 102 67 1 109 111 35 29 146
138 128 112 52 68 48 130 79 62 76 26 3 84 131 14 42 73 104 149 87 111 50 127 8 22 82 21 135 99 109 56 133 139 136 86 57 20 47 49 18 92 140 5 129 7 81 144 120 75 63 102 54 33 108 12 67 125 118 146 32 116 85 16 121 145 51 35 0 77 29 71 43 74 91 65 34 124 115 25 134 44 46 60 101 10 27 58 117 59 107 69 40 122 80 148 98 1 110 64 38 41 95 97 83 78 147 90 23 13 114 45 39 19 66 9 4 141 36 61 37 55 28 17 94 93 53 70 15 88 30 11 72 119 89 31 103 126 113 96 6 137 100 24 142 105 132 123 143 106 2
6 138 86 109 110 70 12 133 136 105 66 87 78 116 148 69 91 120 71 14 49 128 53 92 88 24 51 38 141 121 20 54 107 115 72 22 16 89 112 45 63 73 139 57 64 60 47 44 37 2 97 67 143 104 94 129 46 113 25 93 101 3 77 142 130 80 81 127 149 61 13 62 52 10 132 134 15 7 29 41 4 36 74 84 131 1 76 99 65 19 103 18 35 100 9 68 123 43 144 59 85 58 108 33 122 98 79 83 117 55 50 118 23 135 146 56 147 90 0 75 31 8 30 21 137 32 39 124 40 125 26 27 5 82 145 111 34 17 114 102 95 48 96 140 28 106 126 42 11 119
1 102 63 67 68 99 143 11 86 27 105 121 8 74 106 132 107 42 3 87 117 108 84 123 47 57 49 40 21 75 69 109 71 97 79 16 33 140 137 127 101 6 135 120 24 136 126 146 53 89 12 25 103 15 44 144 148 65 66 54 7 2 72 39 70 23 9 20 31 85 56 113 149 133 18 83 141 28 43 78 80 118 112 130 22 29 10 82 104 128 88 60 81 76 41 94 100 145 90 36 124 62 0 115 32 122 64 55 125 46 19 26 38 92 96 14 13 50 91 129 116 5 30 93 119 138 59 61 17 142 131 139 34 73 110 4 52 58 45 134 111 51 95 147 98 35 48 37 114 77
106 124 0 55 37 48 114 66 25 41 111 127 49 59 35 60 118 39 125 51 80 6 5 145 75 33 45 11 141 9 146 17 85 130 77 81 97 116 72 32 144 138 135 34 65 15 42 84 50 20 52 23 117 128 38 90 36 126 29 27 14 47 18 147 79 131 139 91 44 4 94 21 64 134 28 22 56 87 83 68 16 148 104 78 99 121 149 142 7 86 13 30 88 71 102 67 115 43 109 119 3 58 101 103 19 92 122 46 70 98 1 136 54 95 2 61 120 53 76 137 10 40 82 140 57 100 62 89 107 108 73 112 132 123 110 105 12 63 8 96 24 93 143 113 74 133 31 69 129 26
11 3 104 129 33 50 97 137 83 93 6 124 25 52 107 8 1 114 45 112 82 102 126 22 121 80 105 19 10 31 68 120 90 101 139 59 91 79 64 67 28 54 38 74 106 40 138 89 58 12 100 72 73 9 130 39 125 17 85 66 86 133 148 5 41 61 13 18 48 55 78 44 36 117 57 87 115 34 24 15 20 99 16 4 43 108 142 27 136 42 47 122 14 149 128 119 103 75 92 49 53 141 118 123 143 0 81 63 113 77 116 37 70 96 146 71 98 134 127 32 21 144 46 51 35 145 147 135 88 140 109 56 76 65 84 23 7 62 131 2 29 95 30 26 111 94 69 132 60 110
76 139 11 98 149 134 111 125 30 72 120 3 110 53 20 52 90 75 81 62 47 105 61 143 4 40 109 36 12 15 126 39 26 28 86 2 35 78 74 22 9 123 137 119 5 1 51 117 80 91 60 113 133 6 79 77 63 45 16 87 116 94 70 66 23 100 99 112 46 42 14 132 8 96 67 43 44 59 140 142 7 128 33 85 83 73 64 68 103 107 122 114 131 89 71 50 49 55 148 95 93 124 38 58 25 135 37 57 17 146 18 144 29 127 41 108 34 32 69 136 106 24 82 0 21 65 84 115 48 31 129 104 10 147 101 138 102 130 19 27 92 56 121 141 88 118 54 145 97 13
7 146 145 70 2 116 122 94 83 71 59 22 137 140 104 115 107 76 68 129 5 66 36 64 126 33 114 110 15 67 62 133 37 84 27 17 29 49 32 78 81 41 113 97 43 6 63 24 42 130 16 28 106 148 10 18 11 102 82 45 141 131 31 23 26 77 1 93 46 112 40 60 25 50 143 136 132 13 121 30 73 69 14 12 135 149 72 118 92 96 56 89 125 8 39 134 100 79 101 52 35 55 4 90 103 88 123 0 144 91 124 3 85 53 147 111 48 19 128 57 61 99 119 65 51 86 44 105 87 38 54 80 9 34 47 75 120 20 138 127 139 58 95 98 74 108 21 117 109 142
141 91 63 3 58 24 104 85 74 108 65 56 142 107 99 138 6 41 50 114 82 8 60 100 89 101 131 135 14 144 143 129 73 79 42 86 1 68 77 148 30 137 78 70 52 112 88 98 29 127 105 7 97 48 17 111 125 11 95 102 72 67 19 37 93 9 80 94 115 2 140 47 110 23 145 119 57 109 26 31 45 81 83 38 49 43 122 133 130 106 21 118 128 87 10 147 64 18 124 16 62 53 103 4 28 59 149 32 66 13 39 54 61 34 90 15 121 44 40 84 120 0 27 55 69 75 46 96 12 136 116 113 22 5 134 33 139 132 76 51 117 71 35 126 146 20 36 123 25 92
29 93 127 120 101 133 30 59 5 18 83 45 41 122 60 46 100 7 125 87 128 147 111 53 27 39 63 54 51 123 99 131 135 12 88 142 72 148 24 112 91 144 146 66 31 118 17 26 130 2 71 134 21 132 49 28 116 57 104 139 114 143 149 61 35 106 140 23 82 108 113 15 95 107 44 80 42 126 67 78 14 0 98 105 9 50 70 124 138 48 141 136 16 90 145 73 76 10 102 81 115 69 3 38 68 13 43 36 58 32 8 74 137 4 22 103 117 52 19 94 64 77 34 47 1 40 62 110 25 129 56 33 97 6 96 11 75 79 119 109 121 86 92 84 65 85 89 55 20 37
86 39 84 147 78 73 101 137 123 64 98 92 110 20 107 53 133 109 85 125 113 49 106 17 96 148 122 128 71 28 93 141 116 72 60 27 33 105 37 79 59 22 114 111 142 12 43 42 144 36 29 4 61 11 91 127 31 140 30 143 112 95 26 130 65 46 66 102 135 119 5 124 40 100 18 3 63 136 10 9 115 77 99 15 126 131 69 8 104 48 89 47 1 6 62 103 54 81 83 45 70 57 58 68 134 121 51 139 94 55 120 52 7 129 25 2 50 56 13 87 138 44 146 14 117 74 97 38 19 145 35 32 90 34 76 82 0 67 24 16 23 118 21 88 41 75 108 149 132 80
144 38 72 142 58 117 74 134 52 87 29 145 9 5 112 80 18 113 46 136 121 33 0 57 67 103 45 35 7 26 13 97 95 126 109 10 28 101 70 118 51 148 54 30 19 43 107 48 147 44 65 4 123 106 138 15 85 66 17 75 86 31 50 20 53 27 133 110 94 76 47 12 69 90 62 16 141 60 88 139 105 73 79 127 21 128 129 130 89 146 93 41 131 11 115 78 81 143 42 84 83 116 36 34 37 82 22 124 140 6 102 149 2 71 98 100 111 77 8 135 92 68 114 104 56 40 125 132 39 59 119 32 23 122 24 3 99 120 91 64 108 14 1 137 63 55 49 25 61 96
81 52 91 60 57 73 58 93 12 107 37 99 44 74 139 32 41 111 66 124 126 28 148 30 118 55 98 137 29 134 145 116 110 36 89 4 143 144 40 71 129 62 114 127 69 87 86 17 95 105 56 48 125 80 61 49 43 19 142 141 70 109 133 122 47 82 2 26 104 85 147 115 135 42 27 101 72 102 100 25 130 18 67 34 20 128 96 21 0 84 119 75 108 92 76 46 120 7 63 68 112 136 79 35 78 13 39 140 53 51 5 10 113 88 123 64 65 1 146 77 23 31 15 90 138 14 54 103 83 16 45 106 6 121 131 132 9 149 117 3 38 94 24 59 33 22 97 8 11 50
81 11 140 49 88 0 62 78 63 16 21 122 146 118 55 86 119 91 35 120 46 20 17 65 149 143 18 26 97 110 126 98 38 42 147 47 121 50 90 4 84 102 44 96 8 15 141 114 43 130 25 113 85 148 107 115 116 100 132 52 6 67 128 80 39 37 108 129 10 31 24 34 103 124 125 19 73 68 135 48 101 60 7 56 13 9 117 74 105 137 33 76 72 23 45 71 82 40 83 28 95 94 51 99 57 127 58 14 75 134 145 53 30 123 77 131 22 3 54 133 27 66 5 41 1 93 64 61 142 144 112 136 87 29 109 69 106 36 104 70 89 79 138 111 2 32 139 92 59 12
48 71 42 103 140 29 79 41 144 91 59 61 134 55 27 92 23 19 49 66 24 70 143 83 46 117 39 127 104 44 96 65 149 84 51 6 35 148 74 72 113 12 120 97 145 116 139 15 109 28 36 98 99 31 121 1 10 43 126 5 76 75 4 25 100 80 82 111 106 22 114 38 95 64 3 47 123 138 60 16 30 57 63 129 58 93 142 77 68 69 124 56 21 53 33 132 26 128 78 18 85 2 90 37 13 131 73 94 101 135 130 118 50 32 122 115 34 86 88 62 107 141 147 146 133 125 7 89 20 137 9 136 119 17 81 112 0 108 67 105 45 8 11 110 54 102 40 52 87 14
107 49 64 16 106 78 48 29 124 89 91 126 45 72 141 112 117 119 105 28 115 17 27 88 24 47 8 38 96 110 56 111 14 148 82 87 26 41 132 128 131 68 134 21 85 35 40 123 101 3 140 65 94 22 74 76 145 79 46 144 84 44 33 11 39 58 98 57 121 6 19 127 0 62 122 86 1 129 92 2 53 61 18 75 67 102 15 9 59 136 139 133 63 80 43 97 93 60 99 73 109 51 137 52 138 147 142 125 36 81 20 54 25 7 69 146 83 23 100 10 104 130 135 4 149 114 116 32 103 42 37 30 108 70 12 13 66 55 113 34 77 143 50 71 31 118 5 90 95 120
136 59 95 25 81 50 75 97 46 104 90 8 32 129 56 83 80 126 70 132 33 79 125 40 19 62 91 51 11 112 148 85 140 123 57 0 72 6 108 128 135 86 4 3 22 122 44 103 143 37 92 55 124 116 17 142 23 99 141 147 139 96 54 1 48 43 73 137 131 120 66 119 105 42 69 76 98 36 102 74 7 39 53 78 138 82 64 26 31 35 10 60 121 9 68 24 113 77 149 145 30 111 2 38 5 101 115 20 61 110 71 94 134 67 84 127 65 109 34 58 29 14 100 144 114 13 133 106 41 63 107 118 49 16 146 45 12 89 28 21 87 15 93 88 130 18 117 52 47 27
91 49 104 42 58 51 36 66 137 9 111 32 5 0 21 53 78 94 130 82 54 16 52 83 118 102 70 146 79 142 122 41 119 145 60 17 2 28 20 133 73 97 1 40 148 74 141 68 99 8 35 143 55 132 129 29 43 37 128 115 138 123 31 125 98 10 65 87 80 71 59 140 34 95 22 72 108 134 15 107 56 117 39 46 13 101 77 105 127 4 139 126 76 23 69 12 30 50 89 109 26 116 135 136 124 81 48 106 19 24 64 96 84 3 7 120 112 147 114 57 75 38 131 11 47 14 144 27 62 88 113 92 149 100 110 44 6 86 67 85 103 93 61 121 63 18 45 33 25 90
120 21 46 73 132 22 99 72 94 11 20 2 146 59 80 128 84 87 140 10 69 62 6 98 112 15 44 109 30 76 48 108 41 133 53 12 66 67 68 86 32 107 13 23 45 123 1 141 79 38 113 57 100 93 122 81 18 65 138 70 85 0 58 111 102 105 64 110 61 3 33 54 131 82 96 90 7 144 26 29 47 49 43 74 114 28 97 34 91 142 63 51 118 50 115 77 17 25 55 35 116 37 136 16 39 78 88 145 95 24 148 143 9 27 42 147 127 52 129 40 139 89 135 36 14 19 75 125 130 106 104 8 121 137 31 5 101 103 92 60 117 4 126 56 119 71 83 124 149 134
122 126 110 28 8 26 17 25 24 50 65 4 119 2 59 46 69 91 15 116 41 128 86 102 78 66 47 48 100 76 149 83 11 145 75 90 73 139 95 45 33 44 133 89 84 140 134 72 127 85 3 63 115 70 105 10 53 80 51 49 148 52 141 19 1 135 62 79 96 6 14 132 82 123 147 36 67 27 113 138 98 101 12 112 60 20 38 0 42 55 106 13 37 16 121 64 94 56 87 22 34 88 40 61 9 71 125 146 32 103 129 130 39 114 93 108 23 99 21 30 144 57 142 29 92 97 5 58 137 124 74 35 77 136 117 31 68 107 120 81 118 43 131 109 111 7 54 18 143 104
135 35 38 41 127 133 142 5 62 14 102 74 123 125 87 75 4 13 42 69 72 82 67 2 140 124 71 24 10 49 19 80 99 43 101 95 0 139 121 34 8 58 40 97 51 9 76 104 109 73 93 138 112 113 64 130 22 147 56 30 149 128 119 79 120 44 26 46 27 18 36 111 108 126 116 131 16 17 88 98 84 61 94 50 12 92 78 83 47 85 11 53 132 86 68 91 66 23 77 143 59 100 110 15 1 29 55 114 33 57 54 3 37 107 145 103 52 32 144 6 134 117 136 106 39 118 20 115 148 7 105 60 146 89 70 25 90 122 21 96 65 48 45 81 63 129 141 28 137 31
113 91 87 128 88 129 54 100 92 73 55 99 67 132 145 119 45 80 134 50 66 120 69 96 137 36 77 117 17 46 127 25 104 39 118 125 0 107 21 94 133 85 71 60 75 112 102 11 116 13 43 31 42 10 148 82 65 76 19 110 33 84 68 16 89 3 20 124 147 15 8 114 57 139 135 29 49 108 56 48 149 7 40 146 26 74 63 101 122 79 144 32 111 105 2 98 4 58 24 78 90 35 72 97 83 41 37 23 64 136 81 140 5 59 38 27 130 18 47 95 61 93 28 86 126 143 109 121 115 131 103 70 51 62 138 142 6 30 106 14 53 52 141 1 34 44 12 9 22 123
28 91 38 109 6 98 12 83 102 18 26 59 107 82 57 48 97 39 72 4 2 131 147 52 108 92 50 69 96 90 78 51 11 87 144 25 145 116 20 46 5 34 56 88 43 23 128 22 81 146 63 115 0 148 49 106 113 141 85 119 99 37 105 42 13 143 130 134 32 55 133 79 89 86 53 120 124 149 1 122 36 75 139 76 44 74 132 31 16 94 138 110 58 95 19 64 84 30 137 129 29 9 73 66 33 70 27 7 80 101 54 104 61 68 121 77 71 47 45 135 60 100 142 67 126 15 65 40 8 17 123 3 21 41 10 111 103 93 136 35 112 14 114 62 117 125 127 24 140 118
120 86 15 142 45 131 57 146 145 104 127 50 141 85 78 27 62 117 133 26 114 77 105 16 90 125 5 70 25 149 75 118 53 8 82 71 91 88 12 52 21 112 40 143 17 38 97 14 6 43 140 32 3 130 147 47 7 20 148 116 4 10 28 94 136 132 84 96 68 36 100 34 37 11 30 33 101 0 67 106 89 55 51 108 66 46 92 79 64 129 65 119 41 83 58 73 54 102 56 42 23 1 110 124 98 144 107 95 115 19 134 44 93 109 74 126 69 39 18 122 99 22 60 135 35 76 81 111 113 128 59 137 139 138 123 61 31 2 13 87 80 48 49 9 29 103 63 121 72 24
132 130 119 39 124 45 41 12 32 54 108 83 133 66 92 82 14 44 90 109 128 102 123 148 105 94 116 22 71 27 17 40 139 49 107 95 85 103 64 35 147 129 122 127 30 144 146 118 100 55 131 57 2 34 75 38 48 98 81 11 67 43 78 29 9 56 101 89 88 72 42 58 33 120 15 117 87 112 16 21 86 4 60 113 19 28 136 74 50 3 13 0 47 62 141 51 37 20 69 80 93 5 114 115 84 10 96 26 8 6 106 99 91 18 143 53 46 77 142 140 110 7 126 61 31 36 65 52 59 70 125 137 138 76 104 135 149 145 1 23 73 63 121 25 68 97 134 111 24 79
72 98 46 142 107 1 16 75 3 96 31 148 23 47 63 18 21 71 69 145 57 92 129 135 68 101 78 10 12 126 81 95 134 114 117 70 33 83 2 29 60 123 65 39 45 34 102 53 13 103 19 88 17 140 27 9 11 108 36 30 76 116 44 20 115 26 121 85 42 91 6 24 51 112 58 100 52 48 133 84 86 109 74 38 43 66 143 105 32 149 25 89 136 59 122 28 87 7 119 77 80 118 55 99 62 0 4 15 125 22 82 110 147 130 144 49 106 64 124 138 5 40 146 132 94 93 104 67 131 37 73 14 8 120 137 35 54 90 111 141 61 79 139 50 97 128 56 41 113 127
88 13 64 134 32 39 18 119 4 148 73 59 84 62 67 35 21 92 46 95 94 136 6 112 127 123 110 103 7 105 120 22 107 98 81 69 102 91 68 118 143 65 142 42 135 3 41 93 1 40 24 8 70 139 76 52 56 71 36 33 25 54 129 106 48 109 138 90 126 26 80 104 121 17 101 30 72 116 113 10 77 50 97 147 12 44 51 122 57 0 114 85 9 144 23 108 125 124 99 130 53 145 16 66 149 19 43 20 133 38 79 28 141 14 78 111 27 15 2 34 47 89 45 61 137 131 96 75 63 29 100 31 5 74 87 55 140 86 115 58 83 11 132 117 128 146 60 49 82 37
43 131 66 113 148 18 107 110 62 99 30 124 136 13 29 122 21 94 90 118 59 117 44 19 101 67 135 125 28 35 23 137 88 61 60 87 52 65 55 149 79 93 36 4 82 139 98 33 86 12 50 39 14 57 48 115 119 146 63 145 91 56 40 0 92 74 105 6 31 78 46 126 89 102 32 106 140 15 121 143 76 128 54 38 123 22 83 109 24 103 142 3 41 95 71 45 5 77 17 133 116 111 75 27 73 16 9 51 85 37 70 68 10 64 112 49 47 100 104 97 34 53 132 108 144 7 114 80 26 11 58 25 129 138 42 120 134 81 72 20 96 2 84 147 8 127 141 130 69 1
113 70 72 11 103 62 106 38 148 53 144 147 126 46 139 102 0 31 140 40 73 101 93 135 21 128 104 15 50 47 78 33 36 10 112 138 13 51 48 49 42 91 32 90 68 7 79 28 20 122 44 116 120 43 16 64 134 83 105 29 23 26 84 98 57 69 4 121 118 111 108 125 41 142 12 99 145 45 66 107 6 133 39 25 123 19 1 30 56 97 87 146 60 24 55 127 94 89 54 100 137 3 130 96 109 59 71 114 85 131 63 5 119 27 117 149 81 115 9 80 2 8 129 35 86 136 143 110 124 18 17 132 34 14 52 74 95 82 61 65 77 76 22 92 75 58 88 141 37 67
82 101 51 29 91 113 23 108 136 117 28 143 77 99 36 62 57 147 59 126 66 25 19 37 148 17 55 65 145 35 7 144 85 26 87 44 116 20 133 110 81 45 140 47 4 123 142 72 90 63 31 125 27 71 32 74 34 83 95 120 33 14 138 5 104 39 86 100 54 94 132 103 139 128 119 111 64 73 76 13 96 21 43 118 84 22 115 46 106 80 38 11 30 114 121 122 129 70 75 68 24 6 41 9 2 52 137 98 48 149 58 97 134 107 78 0 93 8 42 124 127 53 130 141 50 12 102 89 67 40 92 1 60 131 56 16 146 88 15 69 135 61 79 112 109 49 10 3 105 18
49 13 12 0 53 139 33 18 65 147 40 47 75 51 8 127 10 115 111 116 133 126 42 79 113 31 35 97 71 108 120 130 82 118 11 90 148 29 119 6 21 9 85 63 22 16 7 105 30 131 107 143 62 110 132 48 103 74 54 20 93 121 58 50 104 81 89 43 57 2 14 83 112 26 91 96 92 88 101 41 72 44 134 52 95 66 100 34 135 122 3 142 36 67 37 38 149 32 117 129 137 106 1 28 87 141 99 46 68 78 145 114 73 76 59 64 144 4 98 77 39 61 109 23 136 86 124 128 80 27 140 69 24 5 15 19 25 94 56 84 70 138 146 60 55 17 123 102 125 45
62 54 130 49 11 96 92 47 65 57 83 76 100 21 69 12 31 72 40 125 102 34 85 70 53 52 32 60 56 135 35 84 120 132 19 146 145 6 106 25 58 29 90 37 142 108 64 91 94 24 89 44 63 147 141 129 42 133 103 113 80 111 8 73 30 136 14 61 23 45 99 81 26 107 79 144 41 123 4 138 2 68 48 67 33 27 5 112 128 121 1 134 105 114 119 140 110 75 13 10 15 16 86 36 104 39 9 118 71 0 74 77 87 122 101 126 124 117 131 82 78 95 98 18 127 38 88 46 115 143 50 28 66 20 148 59 17 149 137 3 93 55 22 139 97 43 51 116 109 7
35 71 1 72 74 82 143 20 99 3 87 0 134 24 39 48 93 4 89 7 46 137 54 52 22 110 62 69 147 76 80 29 83 121 45 40 17 117 107 9 75 126 94 55 120 37 86 6 61 34 78 115 64 148 142 92 114 106 67 60 103 139 118 57 30 101 125 128 129 14 124 100 116 42 136 28 73 131 98 85 65 13 97 88 141 144 133 59 5 18 127 63 16 26 23 119 36 108 32 56 10 25 15 123 135 102 27 96 145 12 44 47 66 132 111 43 140 113 79 105 8 41 49 81 91 50 146 21 68 51 19 31 11 70 104 58 109 33 138 95 130 90 112 122 38 84 77 149 2 53
48 131 31 67 5 122 107 12 21 46 23 149 120 34 45 117 126 85 17 41 99 144 135 119 19 94 15 89 105 59 111 98 26 102 90 49 113 73 35 42 74 109 60 141 62 83 77 27 142 139 147 72 127 106 43 65 116 69 101 75 63 97 66 88 86 56 87 79 10 92 145 64 8 91 132 146 140 53 121 28 96 24 14 93 115 16 123 54 29 33 37 81 114 25 3 71 61 40 1 118 128 80 136 130 76 110 82 6 95 38 32 51 50 0 22 11 52 55 20 30 9 125 68 7 57 58 138 103 70 143 134 36 137 18 47 108 104 13 124 112 39 78 2 4 148 100 84 129 44 133
144 2 128 13 90 7 110 63 75 28 126 20 44 79 41 78 139 14 95 8 16 133 59 47 84 55 38 136 86 67 120 26 73 15 148 42 53 135 64 71 65 91 50 82 105 112 106 40 127 137 35 25 11 76 24 108 9 102 114 92 56 3 85 88 132 1 147 27 12 70 58 19 46 57 96 45 43 83 81 34 33 140 125 131 141 98 129 138 130 93 146 94 97 99 23 39 21 30 149 123 61 18 72 6 116 124 80 69 103 0 115 51 66 100 74 31 62 22 119 54 113 52 121 109 49 37 10 68 29 143 101 17 142 48 60 36 104 122 87 107 111 32 89 4 5 145 118 77 117 134
23 85 119 57 54 29 67 9 63 86 69 132 47 35 32 117 82 100 145 52 22 88 14 3 1 31 17 93 0 45 135 44 66 56 28 103 74 36 71 6 12 75 11 121 53 77 43 81 73 41 60 126 118 113 7 40 20 33 21 141 147 148 76 59 10 125 123 101 38 122 26 27 90 111 149 83 109 62 5 96 48 95 140 15 61 34 50 102 8 104 42 146 120 136 13 37 46 70 16 89 98 105 84 124 39 79 107 92 143 55 68 131 129 94 115 99 108 25 91 134 116 97 127 80 58 51 106 19 144 133 128 64 112 65 2 30 137 139 130 49 24 142 114 87 18 110 78 4 138 72
20 105 133 73 26 118 5 135 80 77 144 106 123 132 140 62 29 7 47 6 36 19 31 119 78 107 14 137 99 63 87 94 110 1 50 64 39 142 122 149 138 98 91 93 11 85 53 70 52 22 59 148 34 88 41 134 56 114 115 139 21 147 86 43 67 60 28 55 42 146 48 117 72 120 9 3 17 130 38 97 25 81 13 127 111 24 23 0 4 141 58 101 82 79 44 128 102 33 10 30 74 103 18 136 12 113 83 126 32 121 37 109 124 45 35 46 129 108 49 15 84 71 68 131 57 100 69 54 61 145 75 96 16 27 76 125 90 95 51 143 65 40 89 8 112 66 2 104 92 116
42 39 14 18 46 40 17 45 32 38 34 16 28 8 26 9 47 33 37 4 6 35 20 1 5 21 11 49 10 25 29 0 43 3 12 31 48 36 2 41 7 24 19 15 13 44 22 23 27 30
20 17 9 1 18 3 42 39 35 22 7 44 48 37 13 2 25 38 16 24 28 36 32 21 15 46 30 45 23 31 10 4 0 14 41 11 49 47 19 26 34 5 43 40 8 33 6 29 27 12
46 4 20 35 24 29 17 23 47 31 22 5 16 34 1 14 37 38 2 36 43 15 44 28 25 13 42 48 7 21 3 0 30 40 39 6 11 9 45 18 10 26 49 33 41 19 12 27 8 32
8 10 19 17 14 48 40 42 7 36 37 3 24 20 32 2 44 5 26 45 15 29 33 34 6 11 38 21 47 41 43 18 9 22 0 39 16 49 1 31 13 4 27 30 35 25 12 46 28 23
19 6 47 36 22 13 30 32 21 45 5 49 33 18 46 17 7 16 20 29 24 0 35 48 8 41 37 31 9 40 4 42 23 39 14 43 34 28 15 2 38 27 25 10 3 12 26 44 1 11
17 30 19 9 20 36 37 8 49 31 1 29 7 3 34 46 38 33 41 6 35 15 47 0 21 24 11 26 12 22 14 5 27 48 39 25 45 42 44 13 32 4 18 23 43 40 16 28 2 10
46 37 40 31 38 2 30 19 6 42 43 47 13 14 34 41 45 21 32 10 49 35 11 36 4 25 5 12 26 15 20 9 48 33 16 27 7 24 18 3 17 23 44 0 39 28 29 8 1 22
4 21 16 36 30 14 47 17 46 40 26 0 18 15 43 28 25 45 38 34 44 39 6 7 9 19 2 12 8 13 11 22 24 41 35 48 49 33 20 5 37 32 29 10 3 23 1 27 31 42
17 18 19 23 7 42 25 8 41 40 5 33 35 37 49 28 36 46 22 34 9 27 47 12 21 32 3 16 43 10 1 39 2 6 24 45 30 26 38 15 20 13 4 44 11 29 31 48 14 0
49 0 22 5 3 6 46 20 28 17 13 32 41 16 40 7 48 31 21 29 24 34 26 19 45 38 47 43 27 2 44 37 15 18 12 30 42 23 14 25 10 9 1 35 36 8 39 4 33 11
0 9 42 8 28 4 12 35 20 30 41 16 24 15 32 38 43 3 2 49 14 36 13 22 11 21 46 37 19 10 1 25 31 39 33 48 45 5 40 47 23 29 27 6 18 44 34 7 26 17
14 29 35 38 46 13 25 18 10 33 39 26 16 45 1 6 47 20 9 5 32 2 22 42 12 40 24 44 34 23 28 19 37 27 8 49 43 17 3 30 11 7 15 4 48 36 0 21 41 31
12 15 4 22 20 14 25 18 35 41 8 5 37 10 1 33 21 19 2 31 11 16 24 36 45 32 38 0 39 29 34 23 46 26 49 40 48 30 13 27 28 47 9 17 3 43 7 44 6 42
14 10 18 8 38 25 40 19 5 29 43 12 3 26 47 30 15 2 24 36 13 37 44 41 33 34 11 7 4 20 35 32 23 48 17 0 6 46 16 27 28 49 42 39 31 9 22 45 21 1
3 37 47 46 24 20 41 38 48 25 17 12 43 7 32 39 9 45 49 34 4 35 18 10 6 27 11 36 21 19 40 14 15 31 33 5 28 16 22 2 0 1 8 13 23 44 29 42 26 30
2 42 33 29 28 19 9 36 20 25 32 26 31 37 47 13 16 0 46 7 4 3 17 35 6 5 15 40 8 11 43 49 30 41 38 45 21 12 22 44 23 14 48 10 39 1 34 24 18 27
37 0 25 19 32 12 33 42 48 16 17 26 6 1 38 36 11 43 13 30 2 15 9 39 44 23 35 40 47 14 10 8 41 27 21 18 22 28 29 45 5 49 3 46 7 20 4 31 24 34
42 3 8 27 44 35 33 29 23 12 28 1 43 2 34 4 11 16 38 45 36 5 6 15 30 24 22 48 37 31 40 41 10 9 14 19 39 7 17 49 18 26 25 13 47 32 21 0 20 46
18 11 2 35 42 7 39 6 24 29 27 9 44 31 45 48 41 40 20 32 23 21 26 14 25 0 38 4 13 37 5 36 1 33 43 34 3 12 16 47 10 28 19 8 30 49 46 17 22 15
4 23 1 31 42 13 32 2 3 47 17 26 40 9 22 19 44 20 6 21 0 39 28 36 49 25 7 46 48 24 27 14 5 45 10 12 41 38 15 16 37 8 30 29 35 11 43 18 34 33
29 20 46 21 13 10 14 49 16 28 25 36 12 4 1 26 30 40 27 23 31 32 39 44 19 22 33 18 2 17 0 9 3 48 35 38 5 15 8 37 24 34 47 7 43 45 42 41 6 11
45 24 17 22 35 1 0 28 5 23 6 19 30 39 14 40 25 11 36 29 10 49 12 37 47 46 20 9 33 44 38 4 21 2 27 26 13 8 3 32 42 43 41 31 15 16 48 18 34 7
4 8 9 1 34 16 40 17 6 12 48 44 33 24 7 26 19 29 27 31 22 25 11 41 21 5 0 20 49 47 39 30 10 3 23 36 35 38 13 14 18 37 46 42 43 2 45 15 28 32
39 35 13 32 20 5 37 24 15 42 46 29 7 34 31 8 28 19 48 30 25 49 1 27 2 10 38 47 18 4 14 40 36 16 44 26 23 6 11 41 3 22 0 43 33 45 12 21 17 9
30 47 20 9 24 40 21 48 42 46 39 25 49 28 3 38 33 23 27 16 4 36 37 41 13 17 12 5 44 34 6 32 29 31 2 1 35 26 7 11 19 8 43 18 22 45 0 14 15 10
2 26 49 29 37 19 14 23 31 0 27 21 3 9 35 1 36 20 15 13 12 30 32 22 6 11 41 25 45 40 42 43 48 38 39 10 33 17 5 18 8 16 34 4 47 46 44 7 24 28
46 42 22 48 30 36 37 33 44 29 17 18 26 35 2 24 49 12 45 20 8 23 34 6 16 5 47 7 14 31 28 27 1 15 43 4 40 9 3 38 32 21 13 19 0 11 39 25 10 41
32 20 45 49 35 37 34 25 0 48 26 30 47 7 3 38 22 1 21 39 15 24 31 28 19 36 41 11 27 4 12 43 13 18 23 9 46 44 17 2 29 33 16 10 5 14 40 6 42 8
20 27 9 43 41 18 30 2 4 8 28 21 34 42 46 3 13 32 36 44 29 33 14 12 6 1 11 38 25 15 22 48 10 40 39 45 17 26 31 49 0 23 7 16 5 19 37 35 24 47
27 7 37 20 16 22 8 42 30 1 25 5 13 34 39 48 3 21 26 2 32 23 4 6 44 40 31 47 10 24 17 15 12 14 33 36 11 49 28 18 9 43 29 38 19 35 0 46 45 41
10 23 49 13 27 38 44 34 12 6 35 2 18 46 32 39 19 16 36 37 7 21 40 29 0 17 26 3 15 47 28 9 43 31 20 1 4 42 33 25 45 5 48 22 24 30 8 14 11 41
32 3 30 7 12 14 22 18 20 38 44 40 9 26 31 46 21 2 10 0 41 39 28 23 16 13 8 35 48 34 42 6 36 45 5 33 17 37 4 27 24 1 11 19 49 29 25 15 47 43
6 30 10 40 48 22 11 7 14 36 37 15 3 45 9 1 4 18 29 44 25 43 41 0 35 33 39 42 12 38 21 49 26 23 31 17 32 16 13 20 28 5 8 2 47 46 24 34 19 27
15 3 43 1 30 40 46 17 12 49 6 35 36 4 13 14 42 33 5 29 24 18 38 23 0 34 16 11 47 22 31 10 44 2 27 25 45 48 28 39 8 20 37 26 19 41 32 21 9 7
34 48 20 25 30 46 41 26 21 13 16 49 38 2 32 47 19 4 33 36 40 9 39 43 3 8 17 11 37 14 44 1 35 22 12 15 27 7 24 45 6 42 23 5 18 29 0 10 28 31
47 5 21 46 43 17 15 45 42 33 44 26 37 6 12 48 28 20 0 18 25 22 38 3 36 32 29 9 11 49 24 41 40 8 34 19 14 13 2 23 4 31 10 16 27 30 7 35 1 39
42 36 44 2 1 10 24 15 23 21 27 29 39 12 28 3 32 34 26 43 9 0 4 45 11 31 6 33 14 16 25 20 46 5 13 48 22 19 47 41 17 18 37 38 30 35 8 49 40 7
16 41 42 10 28 39 14 13 11 25 24 22 47 3 20 37 15 5 34 49 21 44 2 33 4 35 46 9 7 18 1 6 30 23 0 32 45 29 38 43 36 12 8 40 27 19 26 48 17 31
17 20 8 18 3 0 47 42 35 41 2 32 24 36 16 11 5 14 30 48 44 34 26 23 12 27 7 28 21 40 29 15 6 10 33 25 43 37 19 1 49 9 39 46 4 13 31 38 22 45
24 19 37 23 45 20 7 27 3 36 12 38 1 43 26 41 34 11 6 4 39 10 32 35 42 44 9 18 25 16 40 5 15 47 17 28 2 46 31 0 49 21 30 48 29 22 14 13 33 8
22 34 6 10 36 43 20 9 8 19 14 5 18 24 47 3 33 41 45 0 4 39 7 26 13 17 11 2 44 12 49 46 21 48 16 38 37 32 42 27 30 25 40 35 31 29 15 28 1 23
34 15 3 5 18 35 19 23 49 4 17 24 6 8 21 26 11 13 27 47 22 14 1 10 29 32 7 31 45 9 20 43 28 48 39 46 36 30 42 12 16 2 38 37 0 44 33 41 25 40
3 28 39 22 29 34 19 20 35 15 21 31 32 36 30 14 16 10 47 0 33 26 44 48 46 4 49 6 11 25 40 13 43 1 45 7 27 12 37 8 5 2 24 18 23 42 38 9 41 17
42 18 24 38 2 35 20 31 15 32 5 17 46 40 7 27 28 22 11 34 3 26 47 12 1 0 13 48 49 30 23 19 41 16 6 33 37 36 25 44 14 10 43 21 9 45 29 39 8 4
32 33 26 12 6 10 0 16 2 7 41 36 11 23 45 1 20 17 18 19 37 27 8 13 35 22 4 30 21 44 29 43 49 5 24 40 28 46 47 25 39 38 42 31 34 15 48 14 3 9
1 32 21 18 36 15 17 38 45 49 12 46 24 44 28 29 34 0 37 9 6 47 39 16 25 14 27 35 20 23 10 30 3 7 13 33 4 8 40 11 19 31 22 48 5 41 42 43 26 2
38 43 14 7 42 8 12 4 48 13 45 23 2 16 34 26 3 11 47 46 19 27 41 36 10 29 30 15 6 39 32 40 25 0 9 24 5 17 18 21 33 35 20 37 28 22 31 49 1 44
15 0 14 10 28 44 43 33 6 9 11 35 12 26 39 34 38 36 27 42 20 4 16 8 19 41 23 31 46 24 21 47 48 3 32 49 40 2 17 13 37 1 25 5 18 30 22 45 29 7
3 39 0 25 40 2 10 20 13 49 41 14 29 31 16 1 22 5 48 30 33 21 46 23 26 17 19 42 44 47 28 34 18 35 12 45 7 37 6 36 43 8 24 9 27 15 32 11 38 4
43 46 6 31 22 41 8 5 25 44 20 36 33 3 1 38 26 27 37 9 39 15 47 29 49 4 11 24 0 48 12 21 2 30 18 7 32 45 14 40 13 35 16 42 10 23 34 28 17 19
14 35 42 9 5 40 33 10 27 32 1 41 8 30 20 3 37 11 16 22 26 28 47 12 39 29 15 4 43 38 48 2 46 24 23 21 25 6 17 36 44 34 7 45 49 13 19 31 18 0
23 6 17 13 19 18 16 31 21 34 37 25 9 39 29 26 15 41 10 42 11 30 7 27 45 0 49 12 35 47 46 28 48 14 24 44 1 36 3 33 43 2 5 32 8 38 20 40 22 4
36 43 27 13 2 44 41 20 46 19 31 1 34 14 22 48 49 8 7 29 0 47 11 35 40 24 15 10 21 42 32 38 12 45 30 5 3 33 6 25 28 39 16 17 23 4 26 18 37 9
1 39 31 35 29 10 3 12 13 11 5 16 21 44 32 6 49 18 48 2 33 46 38 27 42 47 22 43 36 45 37 17 4 7 14 24 9 30 8 28 26 41 23 19 20 15 40 25 34 0
15 25 21 30 40 22 26 18 43 20 24 27 1 44 46 19 8 3 47 2 39 7 41 13 6 48 23 16 34 29 28 17 32 33 12 45 9 5 11 38 14 0 36 42 31 49 10 4 37 35
28 12 32 36 6 0 39 14 26 44 8 16 31 27 13 5 17 38 7 29 10 34 19 46 3 24 4 41 20 40 18 9 1 23 11 15 21 2 45 47 35 33 37 25 30 42 48 43 49 22
14 47 6 26 0 17 36 32 29 7 4 46 13 34 41 21 27 48 39 20 12 35 18 28 10 44 42 43 3 15 5 38 40 24 49 25 33 19 45 8 30 23 37 2 9 11 31 16 1 22
49 6 25 7 42 34 26 46 1 30 29 38 15 5 12 43 16 4 40 13 35 11 10 23 32 31 3 47 19 2 21 44 9 0 37 14 8 28 18 20 48 22 24 33 17 27 45 39 41 36
1 44 39 8 48 26 7 34 18 30 12 49 37 4 24 21 25 14 16 46 15 9 3 31 23 13 10 43 29 36 27 38 42 41 47 32 35 11 2 5 40 19 22 28 0 33 20 45 17 6
12 13 21 28 26 14 32 49 24 40 35 18 34 25 22 3 17 47 16 27 31 5 1 4 2 48 44 37 36 11 29 19 6 42 10 8 0 38 43 15 46 20 41 39 9 45 23 30 7 33
49 17 41 13 27 21 36 0 24 34 26 38 20 8 15 25 46 1 35 9 7 30 28 23 2 14 42 32 19 43 47 37 44 11 16 40 6 4 48 5 31 18 39 10 22 29 12 3 45 33
3 43 0 6 15 4 49 39 46 22 27 1 13 34 8 40 20 10 19 44 25 16 11 47 7 29 18 14 37 23 30 12 35 41 33 36 24 21 5 2 48 28 17 45 32 42 26 38 31 9
47 0 30 11 22 24 8 39 13 45 6 31 15 46 49 26 12 20 37 1 29 23 41 38 36 21 43 42 40 33 48 14 25 18 5 19 4 44 9 28 34 17 35 16 7 2 10 3 27 32
37 36 8 33 43 15 16 39 29 42 49 44 34 30 28 6 27 14 5 9 4 20 7 1 24 2 31 22 13 23 3 21 45 26 12 35 41 10 19 18 0 25 40 48 38 17 47 32 46 11
36 9 23 35 13 2 32 40 19 49 17 39 27 0 34 37 46 47 5 21 4 42 18 7 3 45 38 31 15 41 43 10 1 8 20 24 25 12 14 26 33 30 16 11 29 28 48 44 22 6
12 1 24 10 4 38 11 13 7 27 48 36 5 39 2 0 32 18 9 8 22 47 25 26 21 33 41 34 6 49 44 19 37 20 31 40 17 29 14 42 30 28 46 35 23 43 15 45 16 3
34 15 31 9 24 27 16 13 25 41 7 14 2 11 39 5 36 40 22 17 32 0 20 29 3 42 1 38 26 35 12 18 8 33 37 44 43 4 23 21 46 19 30 49 45 47 10 48 28 6
19 4 24 12 30 39 15 43 28 21 46 35 7 33 31 48 27 44 41 9 36 14 6 1 40 0 47 13 38 16 49 34 32 26 2 8 25 10 42 20 11 37 23 22 3 45 5 17 18 29
20 17 33 1 46 35 42 29 13 44 48 36 6 5 16 28 3 14 30 37 47 11 41 27 0 2 22 4 34 12 15 21 39 25 8 18 10 49 45 7 43 23 40 9 26 38 24 31 32 19
34 13 31 2 46 27 43 47 3 0 29 21 49 10 11 48 4 9 33 15 8 32 28 37 45 41 39 42 14 6 38 19 18 30 5 7 36 23 26 25 1 20 44 40 22 17 24 12 35 16
3 7 36 42 37 21 5 39 48 9 16 13 40 20 29 34 49 31 6 15 41 10 22 33 28 25 43 35 27 2 0 24 8 45 11 19 18 30 32 23 12 26 44 1 47 4 38 14 46 17
41 23 4 34 18 17 11 42 12 29 43 21 49 31 3 46 37 36 45 25 28 14 13 48 15 0 38 16 10 19 26 33 40 32 7 8 30 22 24 44 1 27 39 6 20 2 5 47 35 9
19 12 20 33 28 18 46 16 27 24 1 35 13 7 0 22 38 15 3 48 37 21 23 29 44 30 42 4 49 41 11 39 45 25 10 31 40 43 14 5 6 47 32 2 36 9 34 17 26 8
3 8 29 20 31 46 35 6 21 30 7 23 36 37 44 17 41 0 22 49 32 4 39 19 14 2 18 48 16 13 45 10 12 25 42 43 26 5 15 1 40 11 38 28 34 9 47 24 33 27
45 25 5 49 36 43 2 16 20 3 37 28 48 17 30 7 0 11 47 39 10 19 35 4 40 46 26 8 32 12 33 14 22 44 27 42 21 41 23 18 15 1 6 29 38 13 24 9 34 31
21 32 12 19 18 35 7 45 9 15 1 14 27 25 37 5 46 22 2 41 8 20 48 17 0 31 4 44 23 24 36 28 30 10 3 6 49 34 38 43 16 42 47 33 26 13 29 11 39 40
46 31 14 12 38 19 44 6 3 2 39 10 24 41 32 7 15 11 40 22 33 8 49 9 29 18 26 28 4 0 47 34 17 21 35 25 5 27 20 48 13 23 1 36 16 43 42 37 45 30
37 34 33 27 40 13 6 36 28 22 14 23 16 1 45 25 29 15 5 30 39 8 44 17 47 41 46 9 35 12 20 4 38 19 10 49 24 11 26 18 7 48 31 0 43 32 42 2 3 21
46 8 49 0 36 43 30 32 23 28 5 33 1 38 14 19 3 29 17 27 6 11 35 4 31 16 15 13 47 21 40 45 18 10 24 42 25 34 48 12 22 44 39 2 9 20 7 26 41 37
41 28 7 38 15 37 27 14 17 43 36 11 30 39 5 29 44 10 8 0 24 25 1 31 46 49 47 4 45 40 34 33 26 9 23 13 18 16 48 35 32 3 2 42 6 12 20 21 22 19
14 35 23 1 9 3 38 32 10 8 18 33 30 6 24 7 36 43 0 16 4 44 41 40 5 49 45 12 34 13 21 48 39 19 47 37 27 25 28 11 20 17 22 31 26 15 2 42 46 29
15 37 1 20 6 31 33 19 27 48 42 39 26 13 24 22 0 4 43 17 49 47 21 9 38 16 8 32 3 34 11 45 10 5 44 40 18 35 30 25 41 36 12 7 14 46 23 2 28 29
35 24 27 19 9 21 26 39 25 29 10 31 46 30 5 14 28 48 1 20 12 17 44 11 2 45 0 40 16 13 22 36 4 23 34 47 32 7 18 42 6 38 37 33 49 3 41 43 15 8
43 48 28 4 25 6 38 27 0 10 46 40 2 29 36 33 14 3 26 23 5 41 11 17 31 12 30 9 18 47 49 16 13 24 42 44 7 21 1 20 8 22 37 39 19 32 15 45 34 35
35 2 46 12 20 39 44 27 11 1 26 29 17 6 7 31 32 4 37 48 24 5 21 23 47 45 10 19 41 30 0 38 9 8 15 36 13 42 14 49 16 40 33 43 22 18 28 25 3 34
27 8 31 38 10 26 25 2 1 21 44 35 48 20 32 5 45 28 41 43 18 11 9 34 13 39 47 15 12 23 17 16 14 46 7 29 49 30 19 40 33 22 0 4 36 3 37 6 42 24
20 7 16 33 29 13 27 17 38 5 3 36 2 37 23 46 4 25 48 47 14 40 22 43 42 8 21 6 34 15 26 11 32 30 35 10 0 44 12 19 45 9 39 28 24 18 1 31 49 41
13 31 49 2 48 36 0 38 8 41 37 4 47 30 20 9 29 15 33 19 6 40 35 27 39 44 12 24 28 11 42 14 16 26 45 25 21 43 32 17 46 7 3 18 34 5 23 1 10 22
11 31 42 49 2 17 47 16 41 3 1 48 13 5 39 20 34 7 12 30 4 38 29 37 23 6 15 40 14 24 19 8 22 0 32 45 36 43 10 18 25 26 27 9 35 33 21 46 44 28
46 24 37 13 29 30 2 8 48 7 40 49 28 34 45 41 27 20 16 3 42 4 21 23 31 25 10 15 11 6 0 5 22 43 17 14 19 32 44 9 39 12 47 38 36 33 1 18 26 35
5 30 41 48 25 27 7 2 13 39 49 21 0 18 9 8 16 1 11 12 19 3 46 23 44 17 36 29 40 24 33 26 14 31 32 38 10 35 6 42 47 4 20 28 22 34 43 37 45 15
34 20 48 39 5 26 27 8 19 35 6 24 28 17 4 14 10 23 15 40 2 38 13 46 7 33 43 45 31 44 11 30 0 1 41 12 21 42 36 47 32 16 37 22 3 18 9 49 29 25
11 46 24 21 30 9 41 36 43 25 1 6 40 44 33 10 31 17 19 48 27 14 23 39 16 2 3 32 47 5 4 7 37 0 42 49 35 28 38 12 45 29 15 8 34 22 18 26 13 20
34 20 38 0 25 15 27 39 32 9 31 49 30 18 48 36 16 21 11 23 6 14 41 1 8 35 40 5 29 42 46 44 10 47 37 3 13 22 26 4 24 17 43 28 19 33 7 45 12 2
21 19 7 2 20 12 1 24 13 15 46 41 30 10 16 26 14 39 0 11 49 43 22 34 45 36 47 18 44 4 40 32 38 35 8 23 28 5 3 33 25 9 48 6 37 27 42 17 29 31
15 25 49 22 28 32 20 6 17 16 13 9 14 33 40 41 34 31 27 47 11 43 35 37 36 48 26 21 44 24 38 30 12 3 4 7 1 10 19 39 18 29 5 45 42 23 0 8 46 2
8 44 45 23 7 28 35 15 17 11 25 16 5 34 37 46 38 40 10 33 13 19 29 4 22 42 30 27 39 24 49 9 43 47 14 26 32 0 1 3 48 31 20 36 6 21 41 2 12 18
24 1 44 14 34 10 25 0 8 16 17 43 33 32 22 5 2 6 7 20 45 46 3 23 21 47 28 41 31 11 9 26 39 27 40 12 4 38 42 37 29 35 36 48 30 18 49 15 13 19
25 3 43 20 42 40 19 9 15 24 23 16 28 14 35 8 13 44 18 48 33 27 34 22 5 49 41 6 4 2 11 1 31 32 36 46 12 26 10 30 0 38 47 29 17 7 39 37 21 45
10 5 3 37 15 33 19 48 24 42 20 14 49 41 12 44 13 2 28 1 11 21 31 17 34 16 32 7 8 39 6 4 35 22 26 23 45 29 46 25 0 30 38 36 40 9 18 47 27 43
24 16 44 25 10 4 39 40 49 23 34 6 5 28 46 29 27 14 18 30 48 2 20 7 13 38 17 26 35 33 42 47 31 11 22 1 15 9 32 12 19 45 3 37 41 8 21 0 43 36
35 4 49 45 48 38 42 34 16 37 29 11 0 33 46 9 44 31 18 23 5 40 12 6 10 21 24 8 3 27 47 17 32 13 26 14 20 30 25 7 36 15 1 43 28 19 2 41 39 22
41 21 18 0 49 9 15 20 8 31 4 3 29 27 47 28 13 23 39 32 48 44 17 43 30 46 6 14 1 25 40 42 7 35 2 36 5 19 16 45 26 24 34 38 37 33 22 12 10 11
28 21 2 5 41 37 47 39 3 49 26 7 45 48 16 33 25 42 27 8 29 12 10 13 14 6 15 43 34 44 23 22 32 18 20 30 31 35 1 38 36 9 40 0 4 19 11 24 17 46
7 9 10 40 17 18 26 8 43 34 32 5 2 13 25 19 27 33 41 3 12 37 42 39 6 28 16 31 35 30 14 47 38 36 20 21 1 46 22 29 24 23 0 49 45 11 44 15 48 4
7 0 10 2 4 30 12 45 22 11 46 47 18 25 43 38 16 36 24 40 39 44 23 48 35 6 41 28 32 31 26 8 34 21 49 13 37 17 9 29 20 5 3 15 19 14 27 1 33 42
43 32 39 35 22 20 7 29 4 46 45 40 12 49 23 13 37 5 34 38 18 15 48 19 30 6 3 2 41 8 0 9 1 47 31 16 28 14 11 10 25 36 17 21 24 44 33 27 42 26
29 4 30 14 39 17 8 6 41 24 44 43 0 12 48 33 40 19 38 42 34 3 47 31 35 20 5 13 22 2 26 36 32 7 1 49 37 21 46 45 9 16 27 15 28 18 11 23 25 10
41 16 25 19 35 21 12 8 0 37 28 26 42 5 4 23 32 11 49 40 44 7 14 6 22 13 43 1 18 47 17 10 20 30 45 29 48 36 34 33 27 3 24 9 31 15 38 46 39 2
15 14 4 2 25 33 18 20 43 39 0 8 48 28 13 40 16 34 44 21 49 42 41 27 47 10 37 6 32 29 17 22 12 19 3 46 26 7 30 23 5 36 45 11 31 9 38 1 35 24
22 44 12 32 3 37 0 7 2 39 18 40 23 26 30 28 10 24 36 33 46 4 47 13 16 31 45 27 15 49 14 8 25 35 43 6 41 9 19 21 48 11 1 5 20 17 34 29 42 38
29 7 49 40 12 8 0 18 20 45 46 41 22 30 10 47 4 26 37 2 34 21 25 5 11 19 39 16 3 17 13 43 23 48 1 33 42 27 36 14 31 28 6 38 24 35 32 9 44 15
11 21 13 39 12 15 9 45 26 5 1 4 43 29 48 10 6 18 3 38 32 34 24 47 17 49 20 44 23 40 7 42 28 37 16 25 0 8 27 36 2 31 19 33 41 22 35 46 30 14
23 20 42 15 8 43 10 0 44 33 13 48 21 36 28 49 16 14 5 32 39 3 6 11 9 34 4 27 22 37 46 25 45 12 17 18 47 40 30 29 35 2 38 31 19 7 26 41 24 1
30 10 43 49 46 20 21 41 3 0 2 38 31 42 8 27 25 15 37 48 36 1 29 12 7 4 18 47 19 39 6 16 34 13 9 28 5 45 35 22 23 40 32 44 17 26 33 11 14 24
47 11 30 31 1 45 49 36 48 5 25 28 27 21 41 10 26 22 24 46 17 38 44 23 0 43 20 18 2 42 7 37 33 14 39 29 13 9 15 4 32 6 35 12 16 40 3 19 34 8
33 37 19 35 32 47 25 26 1 17 5 22 44 49 4 3 30 24 40 36 14 12 31 0 2 10 43 34 46 48 9 7 23 39 38 16 42 20 21 15 27 41 13 29 45 18 6 11 28 8
30 40 29 47 12 0 24 18 15 25 37 13 39 5 6 11 23 4 38 46 10 16 28 3 2 32 31 49 17 35 34 41 9 44 27 33 43 22 19 48 14 26 21 8 36 42 7 1 45 20
5 22 41 1 29 13 34 36 42 21 33 31 16 20 10 37 0 19 47 25 32 46 28 38 4 30 8 6 43 11 2 40 18 9 24 23 17 45 15 49 48 44 3 14 7 12 39 26 35 27
16 40 27 20 0 44 36 42 12 30 17 22 41 46 7 38 19 49 8 1 18 37 48 34 13 5 21 6 33 28 32 3 24 11 9 15 47 35 29 39 26 10 14 31 4 2 23 43 25 45
46 28 19 0 41 14 9 23 27 18 3 38 21 44 37 5 4 26 35 36 45 15 1 49 6 7 22 42 17 48 11 20 47 33 43 16 31 34 10 13 8 25 2 24 40 29 32 30 12 39
29 4 44 8 11 10 1 40 43 35 22 5 12 25 21 37 6 30 19 49 27 24 31 9 16 47 0 2 39 7 15 36 46 20 34 17 13 3 14 32 28 33 38 41 23 42 18 26 45 48
22 38 26 35 28 49 2 37 31 45 41 47 19 17 4 0 30 29 36 32 42 3 10 6 5 14 7 20 9 27 43 46 1 24 13 44 18 15 16 34 21 39 40 23 11 8 12 48 33 25
5 10 25 35 41 8 26 19 7 11 30 17 16 20 4 2 24 45 12 33 42 9 40 23 32 48 31 6 28 0 46 29 1 3 43 14 13 38 44 22 34 39 49 37 21 36 18 47 27 15
4 18 29 33 24 22 0 11 38 48 19 5 23 37 30 3 20 49 36 25 28 7 46 8 13 1 26 2 31 10 16 34 43 27 45 17 39 47 32 14 21 9 6 35 40 44 42 12 15 41
28 3 42 36 12 5 17 38 15 10 34 22 13 4 41 39 43 29 6 20 1 33 32 18 0 44 37 16 40 23 14 8 21 48 31 35 2 45 30 19 27 9 24 47 46 49 11 7 25 26
14 35 49 44 19 6 38 11 36 16 34 3 10 9 22 39 15 21 26 37 28 23 41 30 33 12 29 45 0 46 1 40 32 18 8 25 13 24 27 48 2 20 31 17 5 4 7 43 42 47
47 45 22 30 19 10 26 46 8 13 40 43 36 34 15 16 14 20 35 17 33 7 28 12 0 9 2 3 44 24 39 49 4 41 42 27 5 32 1 37 48 18 11 29 31 23 6 38 25 21
35 18 33 34 6 13 5 4 12 27 15 11 3 32 1 25 38 48 44 8 45 9 40 20 23 47 29 21 42 41 46 37 14 39 17 28 26 10 36 2 43 49 16 19 30 22 24 7 0 31
49 17 47 36 38 19 9 35 20 31 16 25 30 8 45 40 33 22 26 27 28 11 42 43 12 21 32 2 3 48 10 6 37 14 34 41 46 4 5 39 23 0 29 15 1 7 13 24 44 18
42 36 43 13 39 47 11 1 33 34 4 26 2 29 32 16 31 48 3 46 25 10 9 45 35 27 23 0 15 20 22 5 24 44 21 7 40 14 8 28 18 12 30 17 38 41 49 37 19 6
47 17 44 29 0 23 42 15 12 24 32 31 28 30 49 9 19 18 4 33 35 38 40 7 48 37 41 10 36 13 21 3 26 14 45 25 8 2 27 34 1 39 43 16 20 11 6 22 46 5
34 8 20 33 37 45 19 10 41 3 38 39 43 14 1 24 29 36 44 47 13 9 2 5 6 21 22 17 27 28 46 18 4 49 40 48 26 31 30 12 23 32 7 11 25 16 42 15 35 0
38 19 18 36 7 42 32 24 22 45 30 21 10 8 44 13 33 28 12 14 0 3 25 43 20 1 29 16 39 46 17 37 27 6 23 34 4 41 48 15 35 47 26 40 49 11 2 5 31 9
31 5 11 13 47 42 39 2 6 14 46 28 8 27 26 44 45 30 22 3 15 34 33 37 38 16 12 43 29 36 19 41 35 9 1 40 32 49 17 23 20 25 10 21 48 24 7 18 0 4
41 46 40 43 0 44 7 6 26 29 18 24 42 31 32 12 9 48 28 35 34 25 8 37 10 47 21 39 19 38 23 36 11 17 2 33 27 45 3 5 13 22 15 20 14 30 16 1 49 4
41 38 42 33 18 39 48 49 47 28 12 6 24 13 37 46 30 8 21 1 19 36 14 22 20 7 32 16 9 10 3 5 35 17 29 15 11 4 23 25 40 0 26 2 43 27 31 34 45 44
37 25 20 17 5 26 40 35 16 30 28 13 38 0 11 48 47 39 41 2 43 7 31 46 15 27 33 45 22 9 23 32 42 3 18 36 4 21 24 44 29 12 8 10 1 6 49 34 19 14
8 20 6 49 22 15 0 38 2 36 4 11 16 10 32 30 24 9 40 46 5 39 34 44 12 17 23 27 41 48 26 37 42 1 25 21 43 31 19 13 35 7 33 29 18 45 3 14 47 28
36 44 37 40 2 45 34 0 30 29 32 9 47 24 43 15 6 13 18 8 33 10 48 46 27 21 38 4 49 22 25 28 11 42 7 39 19 14 3 26 5 31 35 1 41 17 23 20 16 12
16 39 10 32 42 34 6 23 43 38 19 8 2 30 14 46 12 5 20 1 7 15 35 13 21 44 26 24 45 18 11 25 40 4 3 17 37 47 22 28 33 49 9 48 31 29 41 0 27 36
44 15 31 36 48 3 38 9 32 1 33 20 5 22 10 49 7 6 37 12 30 4 25 18 34 28 35 29 21 8 19 14 11 47 40 39 2 41 26 24 16 43 0 17 42 13 45 27 23 46
6 41 49 10 20 34 4 26 3 28 22 30 44 2 25 8 18 13 15 9 19 16 27 37 0 31 7 39 32 43 48 46 21 1 33 17 38 24 23 12 5 36 14 40 11 35 47 42 29 45
30 19 0 6 18 4 49 35 12 27 16 39 1 8 31 46 43 9 23 33 13 21 25 40 34 11 3 5 7 38 10 17 15 42 14 36 47 28 45 22 24 41 29 2 37 26 20 48 32 44
21 27 3 32 28 16 41 9 36 1 47 42 48 34 46 7 35 11 40 18 2 29 25 20 33 44 30 14 12 26 23 5 31 13 43 6 45 39 15 24 37 0 17 19 49 22 38 4 10 8
1 18 49 32 3 15 12 25 30 21 46 9 4 37 38 34 13 7 22 42 2 35 43 28 23 29 45 27 36 8 20 47 17 44 19 16 5 31 14 11 10 41 40 24 33 0 26 39 48 6
7 30 23 4 19 36 18 39 5 17 16 26 35 40 21 41 27 14 44 37 25 9 42 43 46 33 0 32 3 28 47 24 34 2 10 29 12 22 8 6 20 38 1 11 48 15 31 45 13 49
8 14 19 47 42 30 5 23 27 45 41 17 0 22 43 44 26 35 13 20 18 12 34 9 24 37 25 36 6 7 28 1 32 49 4 40 15 21 46 48 38 33 39 31 29 3 2 16 10 11
37 39 27 5 35 45 0 20 15 22 34 14 26 16 42 7 29 21 9 10 46 17 3 49 36 4 2 41 23 12 32 24 48 25 33 43 11 8 47 13 1 44 28 6 31 19 18 38 40 30
13 29 4 32 42 14 35 34 24 3 38 7 37 9 28 11 6 27 31 39 21 15 26 18 36 16 46 43 41 44 23 33 19 47 0 30 22 20 5 2 45 12 1 10 49 17 8 40 25 48
